0 -10 -10 -5 -8.66025 0 0 1 11
1 -8 -10 -4 -8.66025 0 1 2 13
2 -6 -10 -3 -8.66025 0 2 3 14 13
3 -4 -10 -2 -8.66025 0 3 14
4 -2 -10 -1 -8.66025 1 16
5 0 -10 0 -8.66025 1 16
6 2 -10 1 -8.66025 1 18
7 4 -10 2 -8.66025 1 19 18
8 6 -10 3 -8.66025 1 20 19
9 8 -10 4 -8.66025 1 10 21 20
10 10 -10 5 -8.66025 0 10 22 21
11 -11 -9 -5.5 -7.79423 0 11 24 0 23
12 -9 -9 -4.5 -7.79423 1 13 25 1 0 24
13 -7 -9 -3.5 -7.79423 0 13 14 2 1 25
14 -5 -9 -2.5 -7.79423 0 14 3 2
15 -3 -9 -1.5 -7.79423 1 16 3
16 -1 -9 -0.5 -7.79423 0 16 29
17 1 -9 0.5 -7.79423 1 18 30 29
18 3 -9 1.5 -7.79423 0 18 19 31 30
19 5 -9 2.5 -7.79423 0 19 20 32 31
20 7 -9 3.5 -7.79423 0 20 21 33 32
21 9 -9 4.5 -7.79423 0 21 22 10 33
22 11 -9 5.5 -7.79423 0 22 10
23 -12 -8 -6 -6.9282 0 23 24 37 11 36
24 -10 -8 -5 -6.9282 0 24 25 38 0 11 37
25 -8 -8 -4 -6.9282 0 25 39 13 1 38
26 -6 -8 -3 -6.9282 1 40 14 2 13 39
27 -4 -8 -2 -6.9282 1 41 3 14 40
28 -2 -8 -1 -6.9282 1 29 42 16 41
29 0 -8 0 -6.9282 0 29 30 16 42
30 2 -8 1 -6.9282 0 30 31 44 18
31 4 -8 2 -6.9282 0 31 32 45 19 18 44
32 6 -8 3 -6.9282 0 32 33 46 20 19 45
33 8 -8 4 -6.9282 0 33 47 21 20 46
34 10 -8 5 -6.9282 1 22 10 21 47
35 12 -8 6 -6.9282 1 49 22
36 -13 -7 -6.5 -6.06218 0 36 37 51 23
37 -11 -7 -5.5 -6.06218 0 37 38 24 11 23 51
38 -9 -7 -4.5 -6.06218 0 38 39 53 25 24
39 -7 -7 -3.5 -6.06218 0 39 40 13 25 53
40 -5 -7 -2.5 -6.06218 0 40 41 55 14
41 -3 -7 -1.5 -6.06218 0 41 42 55
42 -1 -7 -0.5 -6.06218 0 42 57 29 16
43 1 -7 0.5 -6.06218 1 44 58 30 29 57
44 3 -7 1.5 -6.06218 0 44 45 59 31 18 30 58
45 5 -7 2.5 -6.06218 0 45 46 32 19 31 59
46 7 -7 3.5 -6.06218 0 46 47 61 33 20 32
47 9 -7 4.5 -6.06218 0 47 21 33 61
48 11 -7 5.5 -6.06218 1 49 63 22
49 13 -7 6.5 -6.06218 0 49 64 63
50 -14 -6 -7 -5.19615 1 51 36
51 -12 -6 -6 -5.19615 0 51 37 23 36
52 -10 -6 -5 -5.19615 1 53 38 24 37
53 -8 -6 -4 -5.19615 0 53 69 39 25 38
54 -6 -6 -3 -5.19615 1 55 70 40 39 69
55 -4 -6 -2 -5.19615 0 55 71 41 40 70
56 -2 -6 -1 -5.19615 1 57 72 42 41 71
57 0 -6 0 -5.19615 0 57 58 73 29 42 72
58 2 -6 1 -5.19615 0 58 59 74 44 30 73
59 4 -6 2 -5.19615 0 59 45 31 44 74
60 6 -6 3 -5.19615 1 61 76 46 32 45
61 8 -6 4 -5.19615 0 61 77 47 33 46 76
62 10 -6 5 -5.19615 1 63 78 47 77
63 12 -6 6 -5.19615 0 63 64 79 49 78
64 14 -6 7 -5.19615 0 64 49 79
65 -15 -5 -7.5 -4.33013 1 81
66 -13 -5 -6.5 -4.33013 1 83 51 36
67 -11 -5 -5.5 -4.33013 1 84 37 51 83
68 -9 -5 -4.5 -4.33013 1 69 85 53 38 84
69 -7 -5 -3.5 -4.33013 0 69 70 86 39 53 85
70 -5 -5 -2.5 -4.33013 0 70 71 55 40 86
71 -3 -5 -1.5 -4.33013 0 71 72 88 41 55
72 -1 -5 -0.5 -4.33013 0 72 73 89 57 42 88
73 1 -5 0.5 -4.33013 0 73 74 90 58 57 89
74 3 -5 1.5 -4.33013 0 74 91 59 44 58 90
75 5 -5 2.5 -4.33013 1 76 92 45 59 91
76 7 -5 3.5 -4.33013 0 76 77 93 61 46 92
77 9 -5 4.5 -4.33013 0 77 78 94 47 61 93
78 11 -5 5.5 -4.33013 0 78 79 95 63 94
79 13 -5 6.5 -4.33013 0 79 96 64 49 63 95
80 15 -5 7.5 -4.33013 1 64 96
81 -16 -4 -8 -3.4641 0 81 99 98
82 -14 -4 -7 -3.4641 1 83 99
83 -12 -4 -6 -3.4641 0 83 84 101 51
84 -10 -4 -5 -3.4641 0 84 85 102 101
85 -8 -4 -4 -3.4641 0 85 86 103 69 53 102
86 -6 -4 -3 -3.4641 0 86 70 69 103
87 -4 -4 -2 -3.4641 1 88 105 71 55 70
88 -2 -4 -1 -3.4641 0 88 89 106 72 71 105
89 0 -4 0 -3.4641 0 89 90 107 73 57 72 106
90 2 -4 1 -3.4641 0 90 91 74 58 73 107
91 4 -4 2 -3.4641 0 91 92 109 59 74
92 6 -4 3 -3.4641 0 92 93 110 76 109
93 8 -4 4 -3.4641 0 93 94 77 61 76 110
94 10 -4 5 -3.4641 0 94 95 78 77
95 12 -4 6 -3.4641 0 95 96 79 63 78
96 14 -4 7 -3.4641 0 96 64 79
97 16 -4 8 -3.4641 1
98 -17 -3 -8.5 -2.59808 0 98 99 117 81
99 -15 -3 -7.5 -2.59808 0 99 118 81 117
100 -13 -3 -6.5 -2.59808 1 101 119 83 118
101 -11 -3 -5.5 -2.59808 0 101 102 120 84 83 119
102 -9 -3 -4.5 -2.59808 0 102 103 121 85 84 120
103 -7 -3 -3.5 -2.59808 0 103 122 86 69 85 121
104 -5 -3 -2.5 -2.59808 1 105 123 70 86 122
105 -3 -3 -1.5 -2.59808 0 105 106 124 88 71 123
106 -1 -3 -0.5 -2.59808 0 106 107 89 72 88 124
107 1 -3 0.5 -2.59808 0 107 90 73 89
108 3 -3 1.5 -2.59808 1 109 127 91 74 90
109 5 -3 2.5 -2.59808 0 109 110 92 91 127
110 7 -3 3.5 -2.59808 0 110 129 93 76 92
111 9 -3 4.5 -2.59808 1 130 94 77 93 129
112 11 -3 5.5 -2.59808 1 131 95 78 94 130
113 13 -3 6.5 -2.59808 1 96 79 95 131
114 15 -3 7.5 -2.59808 1 96
115 17 -3 8.5 -2.59808 1 134
116 -18 -2 -9 -1.73205 1 117 98 135
117 -16 -2 -8 -1.73205 0 117 118 137 99 81 98
118 -14 -2 -7 -1.73205 0 118 119 99 137
119 -12 -2 -6 -1.73205 0 119 120 139 101 83
120 -10 -2 -5 -1.73205 0 120 121 140 102 84 101 139
121 -8 -2 -4 -1.73205 0 121 122 103 85 102 140
122 -6 -2 -3 -1.73205 0 122 123 86 103
123 -4 -2 -2 -1.73205 0 123 124 105
124 -2 -2 -1 -1.73205 0 124 144 106 88 105
125 0 -2 0 -1.73205 1 145 107 89 106 144
126 2 -2 1 -1.73205 1 127 146 90 107 145
127 4 -2 2 -1.73205 0 127 147 109 91 146
128 6 -2 3 -1.73205 1 129 110 92 109 147
129 8 -2 4 -1.73205 0 129 130 149 93 110
130 10 -2 5 -1.73205 0 130 131 150 94 149
131 12 -2 6 -1.73205 0 131 151 95 150
132 14 -2 7 -1.73205 1 152 96 151
133 16 -2 8 -1.73205 1 134 152
134 18 -2 9 -1.73205 0 134 154
135 -19 -1 -9.5 -0.866025 0 135 156 155
136 -17 -1 -8.5 -0.866025 1 137 157 117 98 156
137 -15 -1 -7.5 -0.866025 0 137 158 118 99 117 157
138 -13 -1 -6.5 -0.866025 1 139 159 119 118 158
139 -11 -1 -5.5 -0.866025 0 139 140 160 120 101 119 159
140 -9 -1 -4.5 -0.866025 0 140 161 121 102 120 160
141 -7 -1 -3.5 -0.866025 1 162 122 103 121 161
142 -5 -1 -2.5 -0.866025 1 123 122 162
143 -3 -1 -1.5 -0.866025 1 144 164 124 105 123
144 -1 -1 -0.5 -0.866025 0 144 145 165 106 124 164
145 1 -1 0.5 -0.866025 0 145 146 166 107 165
146 3 -1 1.5 -0.866025 0 146 147 167 127 166
147 5 -1 2.5 -0.866025 0 147 168 109 127 167
148 7 -1 3.5 -0.866025 1 149 129 110 168
149 9 -1 4.5 -0.866025 0 149 150 170 130 129
150 11 -1 5.5 -0.866025 0 150 151 171 131 130 170
151 13 -1 6.5 -0.866025 0 151 152 172 131 171
152 15 -1 7.5 -0.866025 0 152 173 172
153 17 -1 8.5 -0.866025 1 154 174 134 173
154 19 -1 9.5 -0.866025 0 154 175 134 174
155 -20 0 -10 0 0 155 156 176 135
156 -18 0 -9 0 0 156 157 177 135 176
157 -16 0 -8 0 0 157 158 178 137 117 177
158 -14 0 -7 0 0 158 159 179 118 137 178
159 -12 0 -6 0 0 159 160 180 139 119 179
160 -10 0 -5 0 0 160 161 140 120 139 180
161 -8 0 -4 0 0 161 162 182 121 140
162 -6 0 -3 0 0 162 183 122 182
163 -4 0 -2 0 1 164 184 123 183
164 -2 0 -1 0 0 164 165 185 144 124 184
165 0 0 0 0 0 165 166 186 145 144 185
166 2 0 1 0 0 166 167 187 146 145 186
167 4 0 2 0 0 167 168 147 127 146 187
168 6 0 3 0 0 168 189 147
169 8 0 4 0 1 170 190 149 129 189
170 10 0 5 0 0 170 171 191 150 130 149 190
171 12 0 6 0 0 171 172 192 151 131 150 191
172 14 0 7 0 0 172 173 193 152 151 192
173 16 0 8 0 0 173 174 194 152 193
174 18 0 9 0 0 174 175 195 154 134 194
175 20 0 10 0 0 175 154 195
176 -19 1 -9.5 0.866025 0 176 177 196 156 135 155
177 -17 1 -8.5 0.866025 0 177 178 197 157 156 196
178 -15 1 -7.5 0.866025 0 178 179 158 137 157 197
179 -13 1 -6.5 0.866025 0 179 180 199 159 158
180 -11 1 -5.5 0.866025 0 180 200 160 139 159 199
181 -9 1 -4.5 0.866025 1 182 201 161 140 160 200
182 -7 1 -3.5 0.866025 0 182 183 202 162 161 201
183 -5 1 -2.5 0.866025 0 183 184 203 162 202
184 -3 1 -1.5 0.866025 0 184 185 204 164 203
185 -1 1 -0.5 0.866025 0 185 186 205 165 144 164 204
186 1 1 0.5 0.866025 0 186 187 166 145 165 205
187 3 1 1.5 0.866025 0 187 167 146 166
188 5 1 2.5 0.866025 1 189 168 147 167
189 7 1 3.5 0.866025 0 189 190 209 168
190 9 1 4.5 0.866025 0 190 191 210 170 149 209
191 11 1 5.5 0.866025 0 191 192 171 150 170 210
192 13 1 6.5 0.866025 0 192 193 212 172 151 171
193 15 1 7.5 0.866025 0 193 194 213 173 152 172 212
194 17 1 8.5 0.866025 0 194 195 214 174 173 213
195 19 1 9.5 0.866025 0 195 175 154 174 214
196 -18 2 -9 1.73205 0 196 197 215 177 156 176
197 -16 2 -8 1.73205 0 197 216 178 157 177 215
198 -14 2 -7 1.73205 1 199 217 179 158 178 216
199 -12 2 -6 1.73205 0 199 200 218 180 159 179 217
200 -10 2 -5 1.73205 0 200 201 219 160 180 218
201 -8 2 -4 1.73205 0 201 202 182 161 219
202 -6 2 -3 1.73205 0 202 203 221 183 162 182
203 -4 2 -2 1.73205 0 203 204 184 183 221
204 -2 2 -1 1.73205 0 204 205 223 185 164 184
205 0 2 0 1.73205 0 205 224 186 165 185 223
206 2 2 1 1.73205 1 225 187 166 186 224
207 4 2 2 1.73205 1 226 167 187 225
208 6 2 3 1.73205 1 209 227 189 168 226
209 8 2 4 1.73205 0 209 210 228 190 189 227
210 10 2 5 1.73205 0 210 229 191 170 190 228
211 12 2 6 1.73205 1 212 230 192 171 191 229
212 14 2 7 1.73205 0 212 213 231 193 172 192 230
213 16 2 8 1.73205 0 213 214 232 194 173 193 231
214 18 2 9 1.73205 0 214 195 174 194 232
215 -17 3 -8.5 2.59808 0 215 216 233 197 177 196
216 -15 3 -7.5 2.59808 0 216 217 178 197 233
217 -13 3 -6.5 2.59808 0 217 218 235 199 179
218 -11 3 -5.5 2.59808 0 218 219 236 200 180 199 235
219 -9 3 -4.5 2.59808 0 219 237 201 200 236
220 -7 3 -3.5 2.59808 1 221 202 182 201 237
221 -5 3 -2.5 2.59808 0 221 239 203 183 202
222 -3 3 -1.5 2.59808 1 223 240 204 184 203 239
223 -1 3 -0.5 2.59808 0 223 224 241 205 185 204 240
224 1 3 0.5 2.59808 0 224 225 242 186 205 241
225 3 3 1.5 2.59808 0 225 226 243 187 242
226 5 3 2.5 2.59808 0 226 227 244 243
227 7 3 3.5 2.59808 0 227 228 209 189 244
228 9 3 4.5 2.59808 0 228 229 246 210 190 209
229 11 3 5.5 2.59808 0 229 230 247 191 210 246
230 13 3 6.5 2.59808 0 230 231 212 192 247
231 15 3 7.5 2.59808 0 231 232 249 213 193 212
232 17 3 8.5 2.59808 0 232 214 194 213 249
233 -16 4 -8 3.4641 0 233 216 197 215
234 -14 4 -7 3.4641 1 235 251 217 216
235 -12 4 -6 3.4641 0 235 236 252 218 199 217 251
236 -10 4 -5 3.4641 0 236 237 253 219 200 218 252
237 -8 4 -4 3.4641 0 237 201 219 253
238 -6 4 -3 3.4641 1 239 255 221 202
239 -4 4 -2 3.4641 0 239 240 256 203 221 255
240 -2 4 -1 3.4641 0 240 241 257 223 204 256
241 0 4 0 3.4641 0 241 242 258 224 205 223 257
242 2 4 1 3.4641 0 242 243 259 225 224 258
243 4 4 2 3.4641 0 243 244 260 226 225 259
244 6 4 3 3.4641 0 244 261 227 226 260
245 8 4 4 3.4641 1 246 262 228 209 227 261
246 10 4 5 3.4641 0 246 247 263 229 210 228 262
247 12 4 6 3.4641 0 247 264 230 229 263
248 14 4 7 3.4641 1 249 265 231 212 230 264
249 16 4 8 3.4641 0 249 232 213 231 265
250 -15 5 -7.5 4.33013 1 251 266 216 233
251 -13 5 -6.5 4.33013 0 251 252 267 235 217 266
252 -11 5 -5.5 4.33013 0 252 253 268 236 218 235 267
253 -9 5 -4.5 4.33013 0 253 269 237 219 236 268
254 -7 5 -3.5 4.33013 1 255 270 237 269
255 -5 5 -2.5 4.33013 0 255 256 239 221 270
256 -3 5 -1.5 4.33013 0 256 257 240 239
257 -1 5 -0.5 4.33013 0 257 258 273 241 223 240
258 1 5 0.5 4.33013 0 258 259 274 242 224 241 273
259 3 5 1.5 4.33013 0 259 260 275 243 225 242 274
260 5 5 2.5 4.33013 0 260 261 276 244 226 243 275
261 7 5 3.5 4.33013 0 261 262 277 227 244 276
262 9 5 4.5 4.33013 0 262 263 278 246 228 277
263 11 5 5.5 4.33013 0 263 264 279 247 229 246 278
264 13 5 6.5 4.33013 0 264 265 280 230 247 279
265 15 5 7.5 4.33013 0 265 249 231 280
266 -14 6 -7 5.19615 0 266 267 251
267 -12 6 -6 5.19615 0 267 268 282 252 235 251
268 -10 6 -5 5.19615 0 268 269 253 236 252 282
269 -8 6 -4 5.19615 0 269 270 284 237 253
270 -6 6 -3 5.19615 0 270 255 284
271 -4 6 -2 5.19615 1 286 256 239 255
272 -2 6 -1 5.19615 1 273 257 240 256 286
273 0 6 0 5.19615 0 273 274 288 258 241 257
274 2 6 1 5.19615 0 274 275 289 259 242 258 288
275 4 6 2 5.19615 0 275 276 260 243 259 289
276 6 6 3 5.19615 0 276 277 261 244 260
277 8 6 4 5.19615 0 277 278 292 262 261
278 10 6 5 5.19615 0 278 279 293 263 246 262 292
279 12 6 6 5.19615 0 279 280 264 247 263 293
280 14 6 7 5.19615 0 280 265 264
281 -13 7 -6.5 6.06218 1 282 267 251 266
282 -11 7 -5.5 6.06218 0 282 296 268 252 267
283 -9 7 -4.5 6.06218 1 284 269 253 268 296
284 -7 7 -3.5 6.06218 0 284 298 270 269
285 -5 7 -2.5 6.06218 1 286 299 255 270 298
286 -3 7 -1.5 6.06218 0 286 300 256 299
287 -1 7 -0.5 6.06218 1 288 273 257 300
288 1 7 0.5 6.06218 0 288 289 302 274 258 273
289 3 7 1.5 6.06218 0 289 303 275 259 274 302
290 5 7 2.5 6.06218 1 304 276 260 275 303
291 7 7 3.5 6.06218 1 292 305 277 261 276 304
292 9 7 4.5 6.06218 0 292 293 306 278 262 277 305
293 11 7 5.5 6.06218 0 293 307 279 263 278 306
294 13 7 6.5 6.06218 1 280 264 279 307
295 -12 8 -6 6.9282 1 296 308 282 267
296 -10 8 -5 6.9282 0 296 309 268 282 308
297 -8 8 -4 6.9282 1 298 310 284 269 309
298 -6 8 -3 6.9282 0 298 299 270 284 310
299 -4 8 -2 6.9282 0 299 300 312 286
300 -2 8 -1 6.9282 0 300 313 286 312
301 0 8 0 6.9282 1 302 288 273 313
302 2 8 1 6.9282 0 302 303 315 289 274 288
303 4 8 2 6.9282 0 303 304 316 275 289 315
304 6 8 3 6.9282 0 304 305 317 276 316
305 8 8 4 6.9282 0 305 306 318 292 277 317
306 10 8 5 6.9282 0 306 307 319 293 278 292 318
307 12 8 6 6.9282 0 307 279 293 319
308 -11 9 -5.5 7.79423 0 308 309 296 282
309 -9 9 -4.5 7.79423 0 309 310 296
310 -7 9 -3.5 7.79423 0 310 322 298 284
311 -5 9 -2.5 7.79423 1 312 323 299 298 322
312 -3 9 -1.5 7.79423 0 312 313 300 286 299 323
313 -1 9 -0.5 7.79423 0 313 300
314 1 9 0.5 7.79423 1 315 326 302 288
315 3 9 1.5 7.79423 0 315 316 303 289 302 326
316 5 9 2.5 7.79423 0 316 317 304 303
317 7 9 3.5 7.79423 0 317 318 329 305 304
318 9 9 4.5 7.79423 0 318 319 306 292 305 329
319 11 9 5.5 7.79423 0 319 307 293 306
320 -10 10 -5 8.66025 1 309 296 308
321 -8 10 -4 8.66025 1 322 310 309
322 -6 10 -3 8.66025 0 322 323 298 310
323 -4 10 -2 8.66025 0 323 312 299
324 -2 10 -1 8.66025 1 313 300 312
325 0 10 0 8.66025 1 326 313
326 2 10 1 8.66025 0 326 315 302
327 4 10 2 8.66025 1 316 303 315
328 6 10 3 8.66025 1 329 317 304 316
329 8 10 4 8.66025 0 329 318 305 317
330 10 10 5 8.66025 1 319 306 318
-1