0 -10 -10 -5 -8.66025 0 1 12 1 11
1 -8 -10 -4 -8.66025 0 0 1 13 2 12
2 -6 -10 -3 -8.66025 0 0 2 14 1 13
3 -4 -10 -2 -8.66025 0 1 15 4 2 14
4 -2 -10 -1 -8.66025 0 0 4 15
5 0 -10 0 -8.66025 0 1 17 6 4
6 2 -10 1 -8.66025 0 0 6 18 7 17
7 4 -10 2 -8.66025 0 0 7 19 8 6 18
8 6 -10 3 -8.66025 0 0 8 20 7 19
9 8 -10 4 -8.66025 0 1 21 10 8 20
10 10 -10 5 -8.66025 0 0 10 22 21
11 -11 -9 -5.5 -7.79423 0 0 11 24 12 23
12 -9 -9 -4.5 -7.79423 0 0 12 25 13 1 11 24
13 -7 -9 -3.5 -7.79423 0 0 13 26 14 2 1 12 25
14 -5 -9 -2.5 -7.79423 0 0 14 27 15 2 13 26
15 -3 -9 -1.5 -7.79423 0 0 15 28 4 14 27
16 -1 -9 -0.5 -7.79423 0 1 29 17 4 15 28
17 1 -9 0.5 -7.79423 0 0 17 30 18 6 29
18 3 -9 1.5 -7.79423 0 0 18 31 19 7 6 17 30
19 5 -9 2.5 -7.79423 0 0 19 32 20 8 7 18 31
20 7 -9 3.5 -7.79423 0 0 20 33 21 8 19 32
21 9 -9 4.5 -7.79423 0 0 21 34 22 10 20 33
22 11 -9 5.5 -7.79423 0 0 22 35 10 21 34
23 -12 -8 -6 -6.9282 0 0 23 37 24 11 36
24 -10 -8 -5 -6.9282 0 0 24 38 25 12 11 23 37
25 -8 -8 -4 -6.9282 0 0 25 39 26 13 12 24 38
26 -6 -8 -3 -6.9282 0 0 26 40 27 14 13 25 39
27 -4 -8 -2 -6.9282 0 0 27 41 28 15 14 26 40
28 -2 -8 -1 -6.9282 0 0 28 42 29 15 27 41
29 0 -8 0 -6.9282 0 0 29 43 30 17 28 42
30 2 -8 1 -6.9282 0 0 30 31 18 17 29 43
31 4 -8 2 -6.9282 0 0 31 32 19 18 30
32 6 -8 3 -6.9282 0 0 32 46 33 20 19 31
33 8 -8 4 -6.9282 0 0 33 47 34 21 20 32 46
34 10 -8 5 -6.9282 0 0 34 48 35 22 21 33 47
35 12 -8 6 -6.9282 0 0 35 49 22 34 48
36 -13 -7 -6.5 -6.06218 0 0 36 51 37 23 50
37 -11 -7 -5.5 -6.06218 0 0 37 52 38 24 23 36 51
38 -9 -7 -4.5 -6.06218 0 0 38 39 25 24 37 52
39 -7 -7 -3.5 -6.06218 0 0 39 54 40 26 25 38
40 -5 -7 -2.5 -6.06218 0 0 40 55 41 27 26 39 54
41 -3 -7 -1.5 -6.06218 0 0 41 56 42 28 27 40 55
42 -1 -7 -0.5 -6.06218 0 0 42 57 43 29 28 41 56
43 1 -7 0.5 -6.06218 0 0 43 58 30 29 42 57
44 3 -7 1.5 -6.06218 0 1 59 31 30 43 58
45 5 -7 2.5 -6.06218 0 1 60 46 32 31 59
46 7 -7 3.5 -6.06218 0 0 46 61 47 33 32 60
47 9 -7 4.5 -6.06218 0 0 47 62 48 34 33 46 61
48 11 -7 5.5 -6.06218 0 0 48 63 49 35 34 47 62
49 13 -7 6.5 -6.06218 0 0 49 64 35 48 63
50 -14 -6 -7 -5.19615 0 0 50 66 51 36
51 -12 -6 -6 -5.19615 0 0 51 67 52 37 36 50 66
52 -10 -6 -5 -5.19615 0 0 52 68 38 37 51 67
53 -8 -6 -4 -5.19615 0 1 69 54 39 38 52 68
54 -6 -6 -3 -5.19615 0 0 54 55 40 39 69
55 -4 -6 -2 -5.19615 0 0 55 71 56 41 40 54
56 -2 -6 -1 -5.19615 0 0 56 72 57 42 41 55 71
57 0 -6 0 -5.19615 0 0 57 73 58 43 42 56 72
58 2 -6 1 -5.19615 0 0 58 74 59 43 57 73
59 4 -6 2 -5.19615 0 0 59 75 60 58 74
60 6 -6 3 -5.19615 0 0 60 76 61 46 59 75
61 8 -6 4 -5.19615 0 0 61 77 62 47 46 60 76
62 10 -6 5 -5.19615 0 0 62 63 48 47 61 77
63 12 -6 6 -5.19615 0 0 63 79 64 49 48 62
64 14 -6 7 -5.19615 0 0 64 80 49 63 79
65 -15 -5 -7.5 -4.33013 0 1 82 66 50 81
66 -13 -5 -6.5 -4.33013 0 0 66 83 67 51 50 82
67 -11 -5 -5.5 -4.33013 0 0 67 84 68 52 51 66 83
68 -9 -5 -4.5 -4.33013 0 0 68 85 69 52 67 84
69 -7 -5 -3.5 -4.33013 0 0 69 86 54 68 85
70 -5 -5 -2.5 -4.33013 0 1 71 55 54 69 86
71 -3 -5 -1.5 -4.33013 0 0 71 88 72 56 55
72 -1 -5 -0.5 -4.33013 0 0 72 73 57 56 71 88
73 1 -5 0.5 -4.33013 0 0 73 74 58 57 72
74 3 -5 1.5 -4.33013 0 0 74 91 75 59 58 73
75 5 -5 2.5 -4.33013 0 0 75 92 76 60 59 74 91
76 7 -5 3.5 -4.33013 0 0 76 77 61 60 75 92
77 9 -5 4.5 -4.33013 0 0 77 62 61 76
78 11 -5 5.5 -4.33013 0 1 95 79 63 62 77
79 13 -5 6.5 -4.33013 0 0 79 96 80 64 63 95
80 15 -5 7.5 -4.33013 0 0 80 97 64 79 96
81 -16 -4 -8 -3.4641 0 0 81 99 82 98
82 -14 -4 -7 -3.4641 0 0 82 100 83 66 81 99
83 -12 -4 -6 -3.4641 0 0 83 101 84 67 66 82 100
84 -10 -4 -5 -3.4641 0 0 84 102 85 68 67 83 101
85 -8 -4 -4 -3.4641 0 0 85 86 69 68 84 102
86 -6 -4 -3 -3.4641 0 0 86 104 69 85
87 -4 -4 -2 -3.4641 0 1 88 71 86 104
88 -2 -4 -1 -3.4641 0 0 88 106 72 71
89 0 -4 0 -3.4641 0 1 73 72 88 106
90 2 -4 1 -3.4641 0 1 91 74 73
91 4 -4 2 -3.4641 0 0 91 92 75 74
92 6 -4 3 -3.4641 0 0 92 110 76 75 91
93 8 -4 4 -3.4641 0 1 77 76 92 110
94 10 -4 5 -3.4641 0 1 112 95 77
95 12 -4 6 -3.4641 0 0 95 96 79 112
96 14 -4 7 -3.4641 0 0 96 97 80 79 95
97 16 -4 8 -3.4641 0 0 97 115 80 96
98 -17 -3 -8.5 -2.59808 0 0 98 99 81 116
99 -15 -3 -7.5 -2.59808 0 0 99 118 100 82 81 98
100 -13 -3 -6.5 -2.59808 0 0 100 119 101 83 82 99 118
101 -11 -3 -5.5 -2.59808 0 0 101 120 102 84 83 100 119
102 -9 -3 -4.5 -2.59808 0 0 102 121 85 84 101 120
103 -7 -3 -3.5 -2.59808 0 1 122 104 86 85 102 121
104 -5 -3 -2.5 -2.59808 0 0 104 86 122
105 -3 -3 -1.5 -2.59808 0 1 106 88 104
106 -1 -3 -0.5 -2.59808 0 0 106 125 88
107 1 -3 0.5 -2.59808 0 1 106 125
108 3 -3 1.5 -2.59808 0 1 127 91
109 5 -3 2.5 -2.59808 0 1 128 110 92 91 127
110 7 -3 3.5 -2.59808 0 0 110 92 128
111 9 -3 4.5 -2.59808 0 1 130 112 110
112 11 -3 5.5 -2.59808 0 0 112 131 95 130
113 13 -3 6.5 -2.59808 0 1 132 96 95 112 131
114 15 -3 7.5 -2.59808 0 1 133 115 97 96 132
115 17 -3 8.5 -2.59808 0 0 115 134 97 133
116 -18 -2 -9 -1.73205 0 0 116 98 135
117 -16 -2 -8 -1.73205 0 1 137 118 99 98 116
118 -14 -2 -7 -1.73205 0 0 118 119 100 99 137
119 -12 -2 -6 -1.73205 0 0 119 139 120 101 100 118
120 -10 -2 -5 -1.73205 0 0 120 121 102 101 119 139
121 -8 -2 -4 -1.73205 0 0 121 141 122 102 120
122 -6 -2 -3 -1.73205 0 0 122 142 104 121 141
123 -4 -2 -2 -1.73205 0 1 143 104 122 142
124 -2 -2 -1 -1.73205 0 1 144 125 106 143
125 0 -2 0 -1.73205 0 0 125 145 106 144
126 2 -2 1 -1.73205 0 1 146 127 125 145
127 4 -2 2 -1.73205 0 0 127 147 128 146
128 6 -2 3 -1.73205 0 0 128 110 127 147
129 8 -2 4 -1.73205 0 1 149 130 110 128
130 10 -2 5 -1.73205 0 0 130 131 112 149
131 12 -2 6 -1.73205 0 0 131 151 132 112 130
132 14 -2 7 -1.73205 0 0 132 133 131 151
133 16 -2 8 -1.73205 0 0 133 153 134 115 132
134 18 -2 9 -1.73205 0 0 134 154 115 133 153
135 -19 -1 -9.5 -0.866025 0 0 135 156 116 155
136 -17 -1 -8.5 -0.866025 0 1 157 137 116 135 156
137 -15 -1 -7.5 -0.866025 0 0 137 158 118 157
138 -13 -1 -6.5 -0.866025 0 1 159 139 119 118 137 158
139 -11 -1 -5.5 -0.866025 0 0 139 120 119 159
140 -9 -1 -4.5 -0.866025 0 1 161 141 121 120 139
141 -7 -1 -3.5 -0.866025 0 0 141 162 142 122 121 161
142 -5 -1 -2.5 -0.866025 0 0 142 163 143 122 141 162
143 -3 -1 -1.5 -0.866025 0 0 143 164 144 142 163
144 -1 -1 -0.5 -0.866025 0 0 144 165 145 125 143 164
145 1 -1 0.5 -0.866025 0 0 145 166 146 125 144 165
146 3 -1 1.5 -0.866025 0 0 146 167 147 127 145 166
147 5 -1 2.5 -0.866025 0 0 147 168 128 127 146 167
148 7 -1 3.5 -0.866025 0 1 169 149 128 147 168
149 9 -1 4.5 -0.866025 0 0 149 130 169
150 11 -1 5.5 -0.866025 0 1 151 131 130 149
151 13 -1 6.5 -0.866025 0 0 151 132 131
152 15 -1 7.5 -0.866025 0 1 173 153 133 132 151
153 17 -1 8.5 -0.866025 0 0 153 154 134 133 173
154 19 -1 9.5 -0.866025 0 0 154 175 134 153
155 -20 0 -10 0 0 0 155 176 156 135
156 -18 0 -9 0 0 0 156 177 157 135 155 176
157 -16 0 -8 0 0 0 157 178 158 137 156 177
158 -14 0 -7 0 0 0 158 159 137 157 178
159 -12 0 -6 0 0 0 159 180 139 158
160 -10 0 -5 0 0 1 181 161 139 159 180
161 -8 0 -4 0 0 0 161 162 141 181
162 -6 0 -3 0 0 0 162 163 142 141 161
163 -4 0 -2 0 0 0 163 184 164 143 142 162
164 -2 0 -1 0 0 0 164 185 165 144 143 163 184
165 0 0 0 0 0 0 165 186 166 145 144 164 185
166 2 0 1 0 0 0 166 187 167 146 145 165 186
167 4 0 2 0 0 0 167 188 168 147 146 166 187
168 6 0 3 0 0 0 168 189 169 147 167 188
169 8 0 4 0 0 0 169 149 168 189
170 10 0 5 0 0 1 149 169
171 12 0 6 0 0 1 151
172 14 0 7 0 0 1 193 173 151
173 16 0 8 0 0 0 173 194 153 193
174 18 0 9 0 0 1 195 175 154 153 173 194
175 20 0 10 0 0 0 175 154 195
176 -19 1 -9.5 0.866025 0 0 176 196 177 156 155
177 -17 1 -8.5 0.866025 0 0 177 197 178 157 156 176 196
178 -15 1 -7.5 0.866025 0 0 178 198 158 157 177 197
179 -13 1 -6.5 0.866025 0 1 199 180 159 158 178 198
180 -11 1 -5.5 0.866025 0 0 180 200 181 159 199
181 -9 1 -4.5 0.866025 0 0 181 201 161 180 200
182 -7 1 -3.5 0.866025 0 1 202 162 161 181 201
183 -5 1 -2.5 0.866025 0 1 203 184 163 162 202
184 -3 1 -1.5 0.866025 0 0 184 204 185 164 163 203
185 -1 1 -0.5 0.866025 0 0 185 205 186 165 164 184 204
186 1 1 0.5 0.866025 0 0 186 206 187 166 165 185 205
187 3 1 1.5 0.866025 0 0 187 188 167 166 186 206
188 5 1 2.5 0.866025 0 0 188 208 189 168 167 187
189 7 1 3.5 0.866025 0 0 189 209 169 168 188 208
190 9 1 4.5 0.866025 0 1 169 189 209
191 11 1 5.5 0.866025 0 1
192 13 1 6.5 0.866025 0 1 193
193 15 1 7.5 0.866025 0 0 193 213 194 173
194 17 1 8.5 0.866025 0 0 194 214 195 173 193 213
195 19 1 9.5 0.866025 0 0 195 175 194 214
196 -18 2 -9 1.73205 0 0 196 215 197 177 176
197 -16 2 -8 1.73205 0 0 197 216 198 178 177 196 215
198 -14 2 -7 1.73205 0 0 198 217 199 178 197 216
199 -12 2 -6 1.73205 0 0 199 218 200 180 198 217
200 -10 2 -5 1.73205 0 0 200 219 201 181 180 199 218
201 -8 2 -4 1.73205 0 0 201 220 202 181 200 219
202 -6 2 -3 1.73205 0 0 202 221 203 201 220
203 -4 2 -2 1.73205 0 0 203 222 204 184 202 221
204 -2 2 -1 1.73205 0 0 204 223 205 185 184 203 222
205 0 2 0 1.73205 0 0 205 224 206 186 185 204 223
206 2 2 1 1.73205 0 0 206 225 187 186 205 224
207 4 2 2 1.73205 0 1 208 188 187 206 225
208 6 2 3 1.73205 0 0 208 209 189 188
209 8 2 4 1.73205 0 0 209 228 189 208
210 10 2 5 1.73205 0 1 209 228
211 12 2 6 1.73205 0 1 230
212 14 2 7 1.73205 0 1 231 213 193 230
213 16 2 8 1.73205 0 0 213 232 214 194 193 231
214 18 2 9 1.73205 0 0 214 195 194 213 232
215 -17 3 -8.5 2.59808 0 0 215 233 216 197 196
216 -15 3 -7.5 2.59808 0 0 216 217 198 197 215 233
217 -13 3 -6.5 2.59808 0 0 217 218 199 198 216
218 -11 3 -5.5 2.59808 0 0 218 236 219 200 199 217
219 -9 3 -4.5 2.59808 0 0 219 237 220 201 200 218 236
220 -7 3 -3.5 2.59808 0 0 220 238 221 202 201 219 237
221 -5 3 -2.5 2.59808 0 0 221 239 222 203 202 220 238
222 -3 3 -1.5 2.59808 0 0 222 240 223 204 203 221 239
223 -1 3 -0.5 2.59808 0 0 223 224 205 204 222 240
224 1 3 0.5 2.59808 0 0 224 225 206 205 223
225 3 3 1.5 2.59808 0 0 225 243 206 224
226 5 3 2.5 2.59808 0 1 244 208 225 243
227 7 3 3.5 2.59808 0 1 245 228 209 208 244
228 9 3 4.5 2.59808 0 0 228 246 209 245
229 11 3 5.5 2.59808 0 1 247 230 228 246
230 13 3 6.5 2.59808 0 0 230 248 231 247
231 15 3 7.5 2.59808 0 0 231 249 232 213 230 248
232 17 3 8.5 2.59808 0 0 232 214 213 231 249
233 -16 4 -8 3.4641 0 0 233 216 215
234 -14 4 -7 3.4641 0 1 217 216 233
235 -12 4 -6 3.4641 0 1 252 236 218 217
236 -10 4 -5 3.4641 0 0 236 237 219 218 252
237 -8 4 -4 3.4641 0 0 237 238 220 219 236
238 -6 4 -3 3.4641 0 0 238 239 221 220 237
239 -4 4 -2 3.4641 0 0 239 256 240 222 221 238
240 -2 4 -1 3.4641 0 0 240 223 222 239 256
241 0 4 0 3.4641 0 1 258 224 223 240
242 2 4 1 3.4641 0 1 259 243 225 224 258
243 4 4 2 3.4641 0 0 243 260 244 225 259
244 6 4 3 3.4641 0 0 244 261 245 243 260
245 8 4 4 3.4641 0 0 245 262 246 228 244 261
246 10 4 5 3.4641 0 0 246 263 247 228 245 262
247 12 4 6 3.4641 0 0 247 264 248 230 246 263
248 14 4 7 3.4641 0 0 248 265 249 231 230 247 264
249 16 4 8 3.4641 0 0 249 232 231 248 265
250 -15 5 -7.5 4.33013 0 1 266 233
251 -13 5 -6.5 4.33013 0 1 252 266
252 -11 5 -5.5 4.33013 0 0 252 236
253 -9 5 -4.5 4.33013 0 1 269 237 236 252
254 -7 5 -3.5 4.33013 0 1 270 238 237 269
255 -5 5 -2.5 4.33013 0 1 271 256 239 238 270
256 -3 5 -1.5 4.33013 0 0 256 272 240 239 271
257 -1 5 -0.5 4.33013 0 1 273 258 240 256 272
258 1 5 0.5 4.33013 0 0 258 274 259 273
259 3 5 1.5 4.33013 0 0 259 275 260 243 258 274
260 5 5 2.5 4.33013 0 0 260 276 261 244 243 259 275
261 7 5 3.5 4.33013 0 0 261 277 262 245 244 260 276
262 9 5 4.5 4.33013 0 0 262 278 263 246 245 261 277
263 11 5 5.5 4.33013 0 0 263 279 264 247 246 262 278
264 13 5 6.5 4.33013 0 0 264 280 265 248 247 263 279
265 15 5 7.5 4.33013 0 0 265 249 248 264 280
266 -14 6 -7 5.19615 0 0 266 281
267 -12 6 -6 5.19615 0 1 282 252 266 281
268 -10 6 -5 5.19615 0 1 283 269 252 282
269 -8 6 -4 5.19615 0 0 269 284 270 283
270 -6 6 -3 5.19615 0 0 270 285 271 269 284
271 -4 6 -2 5.19615 0 0 271 286 272 256 270 285
272 -2 6 -1 5.19615 0 0 272 287 273 256 271 286
273 0 6 0 5.19615 0 0 273 274 258 272 287
274 2 6 1 5.19615 0 0 274 275 259 258 273
275 4 6 2 5.19615 0 0 275 290 276 260 259 274
276 6 6 3 5.19615 0 0 276 277 261 260 275 290
277 8 6 4 5.19615 0 0 277 292 278 262 261 276
278 10 6 5 5.19615 0 0 278 293 279 263 262 277 292
279 12 6 6 5.19615 0 0 279 294 280 264 263 278 293
280 14 6 7 5.19615 0 0 280 265 264 279 294
281 -13 7 -6.5 6.06218 0 0 281 282 266
282 -11 7 -5.5 6.06218 0 0 282 296 283 281
283 -9 7 -4.5 6.06218 0 0 283 297 284 269 282 296
284 -7 7 -3.5 6.06218 0 0 284 298 285 270 269 283 297
285 -5 7 -2.5 6.06218 0 0 285 299 286 271 270 284 298
286 -3 7 -1.5 6.06218 0 0 286 300 287 272 271 285 299
287 -1 7 -0.5 6.06218 0 0 287 301 273 272 286 300
288 1 7 0.5 6.06218 0 1 274 273 287 301
289 3 7 1.5 6.06218 0 1 303 290 275 274
290 5 7 2.5 6.06218 0 0 290 276 275 303
291 7 7 3.5 6.06218 0 1 305 292 277 276 290
292 9 7 4.5 6.06218 0 0 292 306 293 278 277 305
293 11 7 5.5 6.06218 0 0 293 307 294 279 278 292 306
294 13 7 6.5 6.06218 0 0 294 280 279 293 307
295 -12 8 -6 6.9282 0 1 308 296 282 281
296 -10 8 -5 6.9282 0 0 296 309 297 283 282 308
297 -8 8 -4 6.9282 0 0 297 310 298 284 283 296 309
298 -6 8 -3 6.9282 0 0 298 311 299 285 284 297 310
299 -4 8 -2 6.9282 0 0 299 312 300 286 285 298 311
300 -2 8 -1 6.9282 0 0 300 313 301 287 286 299 312
301 0 8 0 6.9282 0 0 301 314 287 300 313
302 2 8 1 6.9282 0 1 303 301 314
303 4 8 2 6.9282 0 0 303 316 290
304 6 8 3 6.9282 0 1 305 290 303 316
305 8 8 4 6.9282 0 0 305 318 306 292
306 10 8 5 6.9282 0 0 306 307 293 292 305 318
307 12 8 6 6.9282 0 0 307 294 293 306
308 -11 9 -5.5 7.79423 0 0 308 320 309 296
309 -9 9 -4.5 7.79423 0 0 309 310 297 296 308 320
310 -7 9 -3.5 7.79423 0 0 310 311 298 297 309
311 -5 9 -2.5 7.79423 0 0 311 312 299 298 310
312 -3 9 -1.5 7.79423 0 0 312 313 300 299 311
313 -1 9 -0.5 7.79423 0 0 313 325 314 301 300 312
314 1 9 0.5 7.79423 0 0 314 301 313 325
315 3 9 1.5 7.79423 0 1 327 316 303 314
316 5 9 2.5 7.79423 0 0 316 328 303 327
317 7 9 3.5 7.79423 0 1 318 305 316 328
318 9 9 4.5 7.79423 0 0 318 330 306 305
319 11 9 5.5 7.79423 0 1 307 306 318 330
320 -10 10 -5 8.66025 0 0 320 309 308
321 -8 10 -4 8.66025 0 1 310 309 320
322 -6 10 -3 8.66025 0 1 311 310
323 -4 10 -2 8.66025 0 1 312 311
324 -2 10 -1 8.66025 0 1 325 313 312
325 0 10 0 8.66025 0 0 325 314 313
326 2 10 1 8.66025 0 1 327 314 325
327 4 10 2 8.66025 0 0 327 328 316
328 6 10 3 8.66025 0 0 328 316 327
329 8 10 4 8.66025 0 1 330 318 328
330 10 10 5 8.66025 0 0 330 318
